Voltage[V]	Current[mA]
50.000000	3.464987E-6
50.010000	3.371373E-6
50.020000	4.986589E-6
50.030000	4.430328E-6
50.040000	3.239594E-6
50.050000	3.791601E-6
50.060000	4.954425E-6
50.070000	3.141722E-6
50.080000	3.403291E-6
50.090000	4.958107E-6
50.100000	5.024760E-6
50.110000	4.125911E-6
50.120000	3.655047E-6
50.130000	3.679312E-6
50.140000	3.670245E-6
50.150000	4.001546E-6
50.160000	4.157835E-6
50.170000	3.673604E-6
50.180000	3.685557E-6
50.190000	3.700420E-6
50.200000	3.685747E-6
50.210000	3.677285E-6
50.220000	3.705292E-6
50.230000	3.723387E-6
50.240000	3.703557E-6
50.250000	3.688895E-6
50.260000	5.214535E-6
50.270000	4.814532E-6
50.280000	3.556940E-6
50.290000	4.793693E-6
50.300000	5.327423E-6
50.310000	3.497912E-6
50.320000	4.905320E-6
50.330000	5.345060E-6
50.340000	3.428867E-6
50.350000	3.181031E-6
50.360000	3.320752E-6
50.370000	3.260049E-6
50.380000	4.117154E-6
50.390000	5.390242E-6
50.400000	3.575863E-6
50.410000	5.027607E-6
50.420000	5.420927E-6
50.430000	3.579200E-6
50.440000	3.772945E-6
50.450000	3.786684E-6
50.460000	3.832134E-6
50.470000	3.893932E-6
50.480000	5.432667E-6
50.490000	3.941155E-6
50.500000	5.478062E-6
50.510000	3.903730E-6
50.520000	3.373537E-6
50.530000	3.140944E-6
50.540000	4.546290E-6
50.550000	5.151118E-6
50.560000	5.532000E-6
50.570000	3.374268E-6
50.580000	3.345966E-6
50.590000	4.998303E-6
50.600000	3.389100E-6
50.610000	5.563912E-6
50.620000	5.569578E-6
50.630000	4.606071E-6
50.640000	5.594823E-6
50.650000	3.424651E-6
50.660000	3.343400E-6
50.670000	3.948903E-6
50.680000	3.426101E-6
50.690000	3.533641E-6
50.700000	4.954309E-6
50.710000	5.588928E-6
50.720000	3.899639E-6
50.730000	3.893476E-6
50.740000	3.728882E-6
50.750000	4.003129E-6
50.760000	3.769532E-6
50.770000	5.582948E-6
50.780000	3.362671E-6
50.790000	3.916761E-6
50.800000	3.975827E-6
50.810000	5.442765E-6
50.820000	3.947595E-6
50.830000	3.963472E-6
50.840000	4.329722E-6
50.850000	5.439651E-6
50.860000	5.741074E-6
50.870000	3.962723E-6
50.880000	3.983307E-6
50.890000	3.964328E-6
50.900000	3.991028E-6
50.910000	3.988252E-6
50.920000	3.990353E-6
50.930000	4.002415E-6
50.940000	4.003212E-6
50.950000	3.987644E-6
50.960000	5.845884E-6
50.970000	3.624472E-6
50.980000	3.521073E-6
50.990000	5.754410E-6
51.000000	4.023131E-6
51.010000	5.856390E-6
51.020000	5.460658E-6
51.030000	3.391013E-6
51.040000	3.843220E-6
51.050000	3.653695E-6
51.060000	4.061585E-6
51.070000	4.047831E-6
51.080000	3.956312E-6
51.090000	3.961188E-6
51.100000	5.342104E-6
51.110000	3.729301E-6
51.120000	6.143205E-6
51.130000	4.190616E-6
51.140000	5.100042E-6
51.150000	4.267085E-6
51.160000	6.386053E-6
51.170000	6.274599E-6
51.180000	4.094995E-6
51.190000	4.130392E-6
51.200000	4.145319E-6
51.210000	3.544703E-6
51.220000	4.769429E-6
51.230000	5.939650E-6
51.240000	4.416735E-6
51.250000	3.621859E-6
51.260000	4.059998E-6
51.270000	6.006737E-6
51.280000	3.821225E-6
51.290000	6.213440E-6
51.300000	4.484670E-6
51.310000	5.086464E-6
51.320000	6.026376E-6
51.330000	4.565142E-6
51.340000	5.790831E-6
51.350000	3.748954E-6
51.360000	5.501147E-6
51.370000	6.051859E-6
51.380000	4.028530E-6
51.390000	4.266673E-6
51.400000	4.096409E-6
51.410000	5.649418E-6
51.420000	4.247121E-6
51.430000	6.770088E-6
51.440000	5.838887E-6
51.450000	4.486269E-6
51.460000	4.485144E-6
51.470000	7.222803E-6
51.480000	6.875803E-6
51.490000	4.616247E-6
51.500000	8.028056E-6
51.510000	4.884658E-6
51.520000	5.046080E-6
51.530000	5.169734E-6
51.540000	5.281381E-6
51.550000	7.904738E-6
51.560000	5.913906E-6
51.570000	6.012878E-6
51.580000	8.912771E-6
51.590000	6.142103E-6
51.600000	6.398915E-6
51.610000	8.192280E-6
51.620000	9.399730E-6
51.630000	6.658259E-6
51.640000	1.042050E-5
51.650000	1.014695E-5
51.660000	1.029815E-5
51.670000	1.128945E-5
51.680000	1.150218E-5
51.690000	1.184871E-5
51.700000	1.210372E-5
51.710000	1.257104E-5
51.720000	1.139234E-5
51.730000	1.329634E-5
51.740000	1.237685E-5
51.750000	1.298509E-5
51.760000	1.404811E-5
51.770000	1.358810E-5
51.780000	1.499549E-5
51.790000	1.530962E-5
51.800000	1.680516E-5
51.810000	1.424788E-5
51.820000	1.638910E-5
51.830000	1.781964E-5
51.840000	1.841068E-5
51.850000	1.806177E-5
51.860000	1.948689E-5
51.870000	1.942504E-5
51.880000	2.029234E-5
51.890000	2.010128E-5
51.900000	2.082775E-5
51.910000	2.172229E-5
51.920000	2.224932E-5
51.930000	2.306185E-5
51.940000	2.377911E-5
51.950000	2.448067E-5
51.960000	2.494201E-5
51.970000	2.590827E-5
51.980000	2.674185E-5
51.990000	2.730377E-5
52.000000	2.813347E-5
52.010000	2.916433E-5
52.020000	2.993359E-5
52.030000	3.079674E-5
52.040000	3.138494E-5
52.050000	3.214299E-5
52.060000	3.336229E-5
52.070000	3.425429E-5
52.080000	3.490909E-5
52.090000	3.585608E-5
52.100000	3.688494E-5
52.110000	3.780791E-5
52.120000	3.862241E-5
52.130000	3.956039E-5
52.140000	4.070036E-5
52.150000	4.133669E-5
52.160000	4.255628E-5
52.170000	4.355658E-5
52.180000	4.455470E-5
52.190000	4.546537E-5
52.200000	4.668976E-5
52.210000	4.755913E-5
52.220000	4.862192E-5
52.230000	4.960870E-5
52.240000	5.105531E-5
52.250000	5.148136E-5
52.260000	5.268396E-5
52.270000	5.426499E-5
52.280000	5.526547E-5
52.290000	5.632495E-5
52.300000	5.745959E-5
52.310000	5.876819E-5
52.320000	5.955151E-5
52.330000	6.109228E-5
52.340000	6.201087E-5
52.350000	6.298929E-5
52.360000	6.457764E-5
52.370000	6.546555E-5
52.380000	6.666317E-5
52.390000	6.809599E-5
52.400000	6.994564E-5
52.410000	7.019786E-5
52.420000	7.193627E-5
52.430000	7.299082E-5
52.440000	7.526390E-5
52.450000	7.592381E-5
52.460000	7.701203E-5
52.470000	7.849081E-5
52.480000	8.019542E-5
52.490000	8.129500E-5
52.500000	8.252620E-5
52.510000	8.367540E-5
52.520000	8.610786E-5
52.530000	8.657846E-5
52.540000	8.739495E-5
52.550000	8.910327E-5
52.560000	9.030930E-5
52.570000	9.343184E-5
52.580000	9.527753E-5
52.590000	9.643811E-5
52.600000	9.756755E-5
52.610000	9.966304E-5
52.620000	0.000101
52.630000	0.000103
52.640000	0.000103
52.650000	0.000106
52.660000	0.000107
52.670000	0.000109
52.680000	0.000111
52.690000	0.000112
52.700000	0.000113
52.710000	0.000115
52.720000	0.000117
52.730000	0.000117
52.740000	0.000120
52.750000	0.000121
52.760000	0.000123
52.770000	0.000125
52.780000	0.000126
52.790000	0.000128
52.800000	0.000130
52.810000	0.000131
52.820000	0.000133
52.830000	0.000135
52.840000	0.000137
52.850000	0.000138
52.860000	0.000139
52.870000	0.000142
52.880000	0.000143
52.890000	0.000145
52.900000	0.000146
52.910000	0.000149
52.920000	0.000150
52.930000	0.000151
52.940000	0.000154
52.950000	0.000157
52.960000	0.000158
52.970000	0.000160
52.980000	0.000161
52.990000	0.000164
53.000000	0.000165
53.010000	0.000168
53.020000	0.000169
53.030000	0.000171
53.040000	0.000173
53.050000	0.000176
53.060000	0.000176
53.070000	0.000178
53.080000	0.000180
53.090000	0.000183
53.100000	0.000185
53.110000	0.000186
53.120000	0.000188
53.130000	0.000190
53.140000	0.000193
53.150000	0.000193
53.160000	0.000196
53.170000	0.000199
53.180000	0.000200
53.190000	0.000203
53.200000	0.000204
53.210000	0.000207
53.220000	0.000208
53.230000	0.000210
53.240000	0.005833
53.250000	0.000214
53.260000	0.000217
53.270000	0.000219
53.280000	0.000221
53.290000	0.000223
53.300000	0.000225
53.310000	0.000227
53.320000	0.000231
53.330000	0.000233
53.340000	0.000233
53.350000	0.000236
53.360000	0.000237
53.370000	0.000241
53.380000	0.000243
53.390000	0.000246
53.400000	0.000248
53.410000	0.000248
53.420000	0.000251
53.430000	0.000253
53.440000	0.000255
53.450000	0.000258
53.460000	0.000261
53.470000	0.000263
53.480000	0.000266
53.490000	0.000268
53.500000	0.000272
53.510000	0.000272
53.520000	0.000277
53.530000	0.000279
53.540000	0.000281
53.550000	0.000284
53.560000	0.000284
53.570000	0.000287
53.580000	0.000292
53.590000	0.000292
53.600000	0.000295
53.610000	0.000298
53.620000	0.000301
53.630000	0.000303
53.640000	0.000304
53.650000	0.000307
53.660000	0.000310
53.670000	0.000312
53.680000	0.000315
53.690000	0.000320
53.700000	0.000320
53.710000	0.000323
53.720000	0.000324
53.730000	0.000327
53.740000	0.000330
53.750000	0.000334
53.760000	0.000336
53.770000	0.000339
53.780000	0.000343
53.790000	0.000345
53.800000	0.000346
53.810000	0.000348
53.820000	0.000354
53.830000	0.000354
53.840000	0.000357
53.850000	0.000361
53.860000	0.000362
53.870000	0.000366
53.880000	0.000368
53.890000	0.000371
53.900000	0.000375
53.910000	0.000378
53.920000	0.000378
53.930000	0.000382
53.940000	0.000404
53.950000	0.000404
53.960000	0.000410
53.970000	0.000412
53.980000	0.000414
53.990000	0.000415
54.000000	0.000422
