Voltage[V]	Current[mA]
0.000000	3.123055E-8
0.002000	3.301228E-8
0.004000	6.326432E-8
0.006000	6.444199E-8
0.008000	6.467536E-8
0.010000	7.842085E-8
0.012000	1.136373E-8
0.014000	1.041116E-10
0.016000	9.542789E-8
0.018000	1.016665E-7
0.020000	1.390944E-8
0.022000	2.453045E-8
0.024000	3.050262E-8
0.026000	1.161321E-7
0.028000	6.200607E-7
0.030000	6.042167E-7
0.032000	6.580116E-8
0.034000	6.208733E-8
0.036000	1.994692E-7
0.038000	9.159588E-8
0.040000	1.015408E-7
0.042000	1.134663E-7
0.044000	1.986680E-7
0.046000	2.056073E-7
0.048000	2.193381E-7
0.050000	1.484214E-7
0.052000	2.273375E-7
0.054000	1.807843E-7
0.056000	2.337073E-7
0.058000	2.875550E-7
0.060000	2.941966E-7
0.062000	3.133510E-7
0.064000	2.547796E-7
0.066000	2.634215E-7
0.068000	2.847525E-7
0.070000	2.113093E-7
0.072000	1.223305E-8
0.074000	3.584731E-8
0.076000	8.955533E-7
0.078000	2.559240E-7
0.080000	1.076943E-6
0.082000	2.449870E-7
0.084000	7.430044E-8
0.086000	4.657351E-7
0.088000	1.292769E-6
0.090000	9.200776E-7
0.092000	9.786572E-7
0.094000	9.684215E-7
0.096000	1.032179E-6
0.098000	8.417213E-7
0.100000	1.492825E-6
0.102000	7.372064E-7
0.104000	1.279597E-6
0.106000	1.621389E-6
0.108000	1.069911E-6
0.110000	3.458676E-7
0.112000	8.709024E-7
0.114000	1.315423E-6
0.116000	1.011645E-6
0.118000	1.931949E-6
0.120000	1.983351E-6
0.122000	1.434882E-6
0.124000	1.552130E-6
0.126000	2.013663E-6
0.128000	1.175361E-6
0.130000	8.507025E-7
0.132000	1.062520E-6
0.134000	2.015671E-6
0.136000	1.971587E-6
0.138000	1.278873E-6
0.140000	1.340535E-6
0.142000	1.568997E-6
0.144000	1.667741E-6
0.146000	2.662799E-6
0.148000	3.241967E-6
0.150000	3.083928E-6
0.152000	2.025361E-6
0.154000	2.145484E-6
0.156000	3.653582E-6
0.158000	3.722969E-6
0.160000	3.840266E-6
0.162000	2.849670E-6
0.164000	2.897977E-6
0.166000	3.968535E-6
0.168000	3.522293E-6
0.170000	5.033078E-6
0.172000	3.614108E-6
0.174000	3.675361E-6
0.176000	3.722284E-6
0.178000	5.847134E-6
0.180000	5.096702E-6
0.182000	6.193791E-6
0.184000	4.364430E-6
0.186000	6.076182E-6
0.188000	5.679576E-6
0.190000	8.309943E-6
0.192000	8.420339E-6
0.194000	8.761734E-6
0.196000	9.054274E-6
0.198000	7.803561E-6
0.200000	6.777533E-6
0.202000	8.004789E-6
0.204000	1.009780E-5
0.206000	9.770599E-6
0.208000	7.211500E-6
0.210000	1.019389E-5
0.212000	1.171192E-5
0.214000	1.039779E-5
0.216000	1.135032E-5
0.218000	1.104038E-5
0.220000	1.197921E-5
0.222000	1.262517E-5
0.224000	1.126756E-5
0.226000	1.429871E-5
0.228000	1.448136E-5
0.230000	1.439077E-5
0.232000	1.522354E-5
0.234000	1.578532E-5
0.236000	1.501953E-5
0.238000	1.674177E-5
0.240000	1.629367E-5
0.242000	1.803193E-5
0.244000	1.979433E-5
0.246000	2.055222E-5
0.248000	1.987699E-5
0.250000	0.002087
0.252000	0.209211
0.254000	0.219437
0.256000	0.230114
0.258000	0.241369
0.260000	0.253083
0.262000	0.265526
0.264000	0.278639
0.266000	0.292305
0.268000	0.306578
0.270000	0.321494
0.272000	0.337404
0.274000	0.354269
0.276000	0.371731
0.278000	0.390341
0.280000	0.409534
0.282000	0.429856
0.284000	0.451740
0.286000	0.474173
0.288000	0.498129
0.290000	0.523277
0.292000	0.549899
0.294000	0.577831
0.296000	0.607564
0.298000	0.638780
0.300000	0.671897
0.302000	0.706634
0.304000	0.743391
0.306000	0.782390
0.308000	0.823356
0.310000	0.866742
0.312000	0.912646
0.314000	0.961174
0.316000	1.012868
0.318000	1.067443
0.320000	1.125026
0.322000	1.186185
0.324000	1.257905
0.326000	1.327056
0.328000	1.400492
0.330000	1.478443
0.332000	1.560957
0.334000	1.648845
0.336000	1.742196
0.338000	1.841190
0.340000	1.946463
0.342000	2.058591
0.344000	2.177655
0.346000	2.304458
0.348000	2.439786
0.350000	2.583962
0.352000	2.737041
0.354000	2.900258
0.356000	3.074552
0.358000	3.260116
0.360000	3.457838
0.362000	3.669680
0.364000	3.894564
0.366000	4.135742
0.368000	4.393149
0.370000	4.668175
0.372000	4.961481
0.374000	5.275576
0.376000	5.612371
0.378000	5.970847
0.380000	6.356550
0.382000	6.768389
0.384000	7.210614
0.386000	7.683808
0.388000	8.191102
0.390000	8.752170
0.392000	8.752458
0.394000	8.761441
0.396000	8.757507
0.398000	8.768129
0.400000	8.760856
0.402000	8.755893
0.404000	8.759520
0.406000	8.758809
0.408000	8.756568
0.410000	8.756398
0.412000	8.765340
0.414000	8.757954
0.416000	8.754787
0.418000	8.748515
0.420000	8.751915
0.422000	8.753245
0.424000	8.753371
0.426000	8.754723
0.428000	8.758985
0.430000	8.757129
0.432000	8.752760
0.434000	8.756280
0.436000	8.752632
0.438000	8.756799
0.440000	8.748219
0.442000	8.749446
0.444000	8.749465
0.446000	8.744347
0.448000	8.748118
0.450000	8.756701
0.452000	8.758709
0.454000	8.757492
0.456000	8.756766
0.458000	8.756040
0.460000	8.812808
0.462000	8.762677
0.464000	8.780186
0.466000	8.772945
0.468000	8.773765
0.470000	8.773088
0.472000	8.776375
0.474000	8.771328
0.476000	8.773794
0.478000	8.775709
0.480000	8.775625
0.482000	8.774041
0.484000	8.777602
0.486000	8.772076
0.488000	8.699103
0.490000	8.702340
0.492000	8.724522
0.494000	8.725027
0.496000	8.720728
0.498000	8.700564
0.500000	8.726478
