Voltage[V]	Current[mA]
0.000000	1.925509E-8
0.001000	2.045441E-8
0.002000	2.019148E-8
0.003000	3.991475E-9
0.004000	3.252065E-8
0.005000	3.002816E-8
0.006000	1.367415E-7
0.007000	1.222838E-7
0.008000	3.444339E-8
0.009000	3.590316E-9
0.010000	3.818561E-8
0.011000	4.509395E-8
0.012000	5.428540E-8
0.013000	4.833545E-8
0.014000	4.845858E-8
0.015000	3.158744E-8
0.016000	2.615502E-8
0.017000	2.054742E-8
0.018000	2.201883E-8
0.019000	7.010020E-8
0.020000	7.353389E-8
0.021000	5.145300E-8
0.022000	2.552831E-8
0.023000	3.675231E-8
0.024000	9.703312E-8
0.025000	9.394135E-8
0.026000	9.327634E-8
0.027000	6.682040E-8
0.028000	5.801389E-8
0.029000	6.342481E-8
0.030000	7.366664E-8
0.031000	1.166997E-7
0.032000	1.192233E-7
0.033000	1.115673E-7
0.034000	1.165399E-7
0.035000	1.092297E-7
0.036000	1.318663E-7
0.037000	4.784548E-7
0.038000	2.995441E-7
0.039000	1.418549E-7
0.040000	4.249111E-7
0.041000	4.116096E-7
0.042000	1.627555E-7
0.043000	2.939333E-7
0.044000	1.306498E-7
0.045000	1.255732E-7
0.046000	1.429860E-7
0.047000	1.517712E-7
0.048000	2.022849E-7
0.049000	2.098738E-7
0.050000	1.725310E-7
0.051000	1.648931E-7
0.052000	1.863866E-7
0.053000	2.479081E-7
0.054000	2.565544E-7
0.055000	2.872003E-7
0.056000	2.002944E-7
0.057000	2.347376E-7
0.058000	2.853401E-7
0.059000	2.183689E-7
0.060000	2.780404E-7
0.061000	2.583458E-7
0.062000	3.266652E-7
0.063000	3.169458E-7
0.064000	2.654451E-7
0.065000	2.838903E-7
0.066000	3.685395E-7
0.067000	3.843461E-7
0.068000	3.084824E-7
0.069000	8.380416E-8
0.070000	1.310773E-7
0.071000	2.814488E-7
0.072000	1.027289E-6
0.073000	9.513867E-7
0.074000	4.529090E-8
0.075000	1.893380E-7
0.076000	5.991189E-7
0.077000	9.706802E-7
0.078000	5.797917E-9
0.079000	5.562510E-7
0.080000	1.025322E-6
0.081000	3.072994E-7
0.082000	4.979882E-8
0.083000	5.519358E-7
0.084000	1.101486E-6
0.085000	1.831510E-7
0.086000	5.276348E-7
0.087000	1.226883E-6
0.088000	7.665525E-7
0.089000	1.779496E-7
0.090000	7.252907E-7
0.091000	1.260415E-6
0.092000	8.891939E-7
0.093000	2.568761E-7
0.094000	9.919439E-7
0.095000	8.927758E-7
0.096000	3.439673E-7
0.097000	8.593916E-7
0.098000	1.448776E-6
0.099000	1.263376E-6
0.100000	4.501655E-7
0.101000	1.261672E-6
0.102000	1.514809E-6
0.103000	1.104121E-6
0.104000	6.094539E-7
0.105000	4.635451E-7
0.106000	1.116710E-6
0.107000	1.758489E-6
0.108000	7.209180E-7
0.109000	6.768157E-7
0.110000	1.922042E-6
0.111000	1.846167E-6
0.112000	1.705168E-6
0.113000	8.814611E-7
0.114000	1.353647E-6
0.115000	1.153374E-6
0.116000	8.120710E-7
0.117000	1.839877E-6
0.118000	1.846475E-6
0.119000	1.166292E-6
0.120000	1.196640E-6
0.121000	1.967485E-6
0.122000	1.272008E-6
0.123000	1.985097E-6
0.124000	1.229618E-6
0.125000	1.718621E-6
0.126000	1.417898E-6
0.127000	1.936648E-6
0.128000	1.544776E-6
0.129000	1.669768E-6
0.130000	2.573407E-6
0.131000	1.750016E-6
0.132000	2.692289E-6
0.133000	1.894061E-6
0.134000	2.601666E-6
0.135000	2.898309E-6
0.136000	2.078617E-6
0.137000	2.733410E-6
0.138000	2.996076E-6
0.139000	2.308739E-6
0.140000	3.008505E-6
0.141000	3.580982E-6
0.142000	2.588436E-6
0.143000	3.332977E-6
0.144000	3.760505E-6
0.145000	2.842754E-6
0.146000	3.243645E-6
0.147000	4.077330E-6
0.148000	3.089905E-6
0.149000	3.363731E-6
0.150000	4.332508E-6
0.151000	4.132516E-6
0.152000	3.403963E-6
0.153000	4.168523E-6
0.154000	4.974919E-6
0.155000	4.249700E-6
0.156000	3.628356E-6
0.157000	5.394244E-6
0.158000	4.113994E-6
0.159000	4.594837E-6
0.160000	5.619923E-6
0.161000	4.386270E-6
0.162000	6.566808E-6
0.163000	4.824913E-6
0.164000	5.418069E-6
0.165000	7.793869E-6
0.166000	5.276432E-6
0.167000	4.854682E-6
0.168000	7.958020E-6
0.169000	5.978748E-6
0.170000	5.442911E-6
0.171000	8.450391E-6
0.172000	7.246094E-6
0.173000	5.789103E-6
0.174000	8.114521E-6
0.175000	9.036818E-6
0.176000	7.031488E-6
0.177000	6.621740E-6
0.178000	9.473052E-6
0.179000	7.936424E-6
0.180000	6.760472E-6
0.181000	9.253097E-6
0.182000	9.032952E-6
0.183000	8.478604E-6
0.184000	7.777489E-6
0.185000	1.028147E-5
0.186000	9.894578E-6
0.187000	9.175117E-6
0.188000	8.352744E-6
0.189000	1.172776E-5
0.190000	1.068494E-5
0.191000	9.873379E-6
0.192000	1.080897E-5
0.193000	1.178077E-5
0.194000	1.126330E-5
0.195000	1.131825E-5
0.196000	1.189096E-5
0.197000	1.262502E-5
0.198000	1.180670E-5
0.199000	1.139111E-5
0.200000	1.310027E-5
0.201000	1.235693E-5
0.202000	1.343557E-5
0.203000	1.381509E-5
0.204000	1.486871E-5
0.205000	1.458412E-5
0.206000	1.441367E-5
0.207000	1.645724E-5
0.208000	1.488103E-5
0.209000	1.461639E-5
0.210000	1.541143E-5
0.211000	1.712100E-5
0.212000	1.718501E-5
0.213000	1.592854E-5
0.214000	1.683826E-5
0.215000	1.811345E-5
0.216000	1.818299E-5
0.217000	1.674826E-5
0.218000	1.907759E-5
0.219000	1.856208E-5
0.220000	1.859830E-5
0.221000	2.055688E-5
0.222000	2.060272E-5
0.223000	2.059517E-5
0.224000	2.059128E-5
0.225000	0.002019
0.226000	0.002067
0.227000	0.200481
0.228000	0.205871
0.229000	0.210610
0.230000	0.216181
0.231000	0.221785
0.232000	0.226879
0.233000	0.232871
0.234000	0.238911
0.235000	0.244396
0.236000	0.250596
0.237000	0.257232
0.238000	0.263209
0.239000	0.270048
0.240000	0.276961
0.241000	0.283328
0.242000	0.290664
0.243000	0.297727
0.244000	0.304895
0.245000	0.312863
0.246000	0.320247
0.247000	0.328344
0.248000	0.336380
0.249000	0.344465
0.250000	0.353254
0.251000	0.361738
0.252000	0.370558
0.253000	0.380031
0.254000	0.388988
0.255000	0.398779
0.256000	0.408560
0.257000	0.418210
0.258000	0.428859
0.259000	0.439351
0.260000	0.449709
0.261000	0.461018
0.262000	0.472169
0.263000	0.483568
0.264000	0.495696
0.265000	0.507421
0.266000	0.520233
0.267000	0.532589
0.268000	0.545604
0.269000	0.559154
0.270000	0.572390
0.271000	0.586741
0.272000	0.600829
0.273000	0.615384
0.274000	0.630604
0.275000	0.645641
0.276000	0.661785
0.277000	0.677640
0.278000	0.694157
0.279000	0.711363
0.280000	0.728253
0.281000	0.746342
0.282000	0.764200
0.283000	0.782897
0.284000	0.802313
0.285000	0.821475
0.286000	0.842000
0.287000	0.862074
0.288000	0.883306
0.289000	0.904660
0.290000	0.926844
0.291000	0.949848
0.292000	0.972733
0.293000	0.996559
0.294000	1.020917
0.295000	1.045561
0.296000	1.071704
0.297000	1.097629
0.298000	1.124753
0.299000	1.152493
0.300000	1.180442
0.301000	1.209710
0.302000	1.239346
0.303000	1.269609
0.304000	1.301365
0.305000	1.332872
0.306000	1.366407
0.307000	1.399503
0.308000	1.434379
0.309000	1.469847
0.310000	1.505793
0.311000	1.543808
0.312000	1.581599
0.313000	1.620782
0.314000	1.661450
0.315000	1.702273
0.316000	1.745280
0.317000	1.788334
0.318000	1.833389
0.319000	1.879183
0.320000	1.925694
0.321000	1.974447
0.322000	2.023695
0.323000	2.074539
0.324000	2.137538
0.325000	2.191009
0.326000	2.246389
0.327000	2.302880
0.328000	2.361156
0.329000	2.420908
0.330000	2.482679
0.331000	2.545347
0.332000	2.609884
0.333000	2.676269
0.334000	2.744871
0.335000	2.814513
0.336000	2.887145
0.337000	2.960663
0.338000	3.037180
0.339000	3.114492
0.340000	3.195297
0.341000	3.277289
0.342000	3.362676
0.343000	3.448941
0.344000	3.539262
0.345000	3.629849
0.346000	3.725161
0.347000	3.821585
0.348000	3.921944
0.349000	4.024901
0.350000	4.130011
0.351000	4.238957
0.352000	4.350356
0.353000	4.465506
0.354000	4.583201
0.355000	4.705140
0.356000	4.830629
0.357000	4.958491
0.358000	5.090812
0.359000	5.226146
0.360000	5.367238
0.361000	5.510995
0.362000	5.660505
0.363000	5.812204
0.364000	5.970384
0.365000	6.130986
0.366000	6.299207
0.367000	6.469417
0.368000	6.647216
0.369000	6.829612
0.370000	7.016534
0.371000	7.209730
0.372000	7.407937
0.373000	7.614080
0.374000	7.824490
0.375000	8.043798
0.376000	8.266802
0.377000	8.519763
0.378000	8.649122
0.379000	8.623459
0.380000	8.623505
0.381000	8.622636
0.382000	8.622001
0.383000	8.622095
0.384000	8.646205
0.385000	8.624166
0.386000	8.623779
0.387000	8.622427
0.388000	8.623620
0.389000	8.623485
0.390000	8.623365
0.391000	8.621793
0.392000	8.647655
0.393000	8.619136
0.394000	8.621421
0.395000	8.617250
0.396000	8.616773
0.397000	8.616829
0.398000	8.620120
0.399000	8.617187
0.400000	8.617031
