Voltage[V]	Current[mA]
48,000000	4,079241E-6
48,005000	3,976907E-6
48,010000	3,965109E-6
48,015000	3,968681E-6
48,020000	3,953808E-6
48,025000	3,948030E-6
48,030000	3,901227E-6
48,035000	3,907117E-6
48,040000	3,909613E-6
48,045000	3,906103E-6
48,050000	3,942596E-6
48,055000	3,928222E-6
48,060000	3,900244E-6
48,065000	3,883874E-6
48,070000	3,913922E-6
48,075000	3,936052E-6
48,080000	3,937696E-6
48,085000	3,902986E-6
48,090000	3,866964E-6
48,095000	3,934052E-6
48,100000	3,905755E-6
48,105000	3,952044E-6
48,110000	3,939523E-6
48,115000	3,906377E-6
48,120000	3,875481E-6
48,125000	3,908791E-6
48,130000	3,929887E-6
48,135000	3,961678E-6
48,140000	3,925694E-6
48,145000	3,903466E-6
48,150000	3,901900E-6
48,155000	3,928479E-6
48,160000	3,956294E-6
48,165000	3,952155E-6
48,170000	3,919261E-6
48,175000	3,881415E-6
48,180000	3,914984E-6
48,185000	3,979901E-6
48,190000	3,929569E-6
48,195000	3,913857E-6
48,200000	3,947231E-6
48,205000	3,961500E-6
48,210000	3,983155E-6
48,215000	3,926912E-6
48,220000	3,926432E-6
48,225000	3,911450E-6
48,230000	3,977422E-6
48,235000	3,973745E-6
48,240000	3,931249E-6
48,245000	3,946101E-6
48,250000	3,986561E-6
48,255000	3,985930E-6
48,260000	3,979249E-6
48,265000	3,953219E-6
48,270000	3,946190E-6
48,275000	3,953899E-6
48,280000	3,961722E-6
48,285000	3,967814E-6
48,290000	3,998456E-6
48,295000	3,998859E-6
48,300000	3,959234E-6
48,305000	3,935242E-6
48,310000	3,917625E-6
48,315000	4,001475E-6
48,320000	4,022220E-6
48,325000	4,019255E-6
48,330000	3,971929E-6
48,335000	3,959187E-6
48,340000	3,955962E-6
48,345000	3,990090E-6
48,350000	4,033281E-6
48,355000	3,988601E-6
48,360000	3,981720E-6
48,365000	3,997303E-6
48,370000	3,943282E-6
48,375000	3,964606E-6
48,380000	4,019634E-6
48,385000	4,019395E-6
48,390000	4,011844E-6
48,395000	4,037974E-6
48,400000	4,032042E-6
48,405000	3,976852E-6
48,410000	4,014420E-6
48,415000	4,036735E-6
48,420000	3,965514E-6
48,425000	4,015210E-6
48,430000	4,044791E-6
48,435000	3,995376E-6
48,440000	4,029540E-6
48,445000	4,043921E-6
48,450000	4,036081E-6
48,455000	4,071555E-6
48,460000	4,023960E-6
48,465000	3,967729E-6
48,470000	4,022251E-6
48,475000	4,040067E-6
48,480000	4,042222E-6
48,485000	4,077223E-6
48,490000	4,068177E-6
48,495000	4,017253E-6
48,500000	4,060306E-6
48,505000	4,030375E-6
48,510000	4,043245E-6
48,515000	4,068189E-6
48,520000	4,070132E-6
48,525000	4,023943E-6
48,530000	4,089776E-6
48,535000	4,038835E-6
48,540000	4,031262E-6
48,545000	4,071834E-6
48,550000	4,058054E-6
48,555000	4,095393E-6
48,560000	4,019366E-6
48,565000	4,089662E-6
48,570000	4,093276E-6
48,575000	4,055881E-6
48,580000	4,083595E-6
48,585000	4,090213E-6
48,590000	4,086538E-6
48,595000	4,075848E-6
48,600000	4,072423E-6
48,605000	4,054739E-6
48,610000	4,071380E-6
48,615000	4,083979E-6
48,620000	4,047590E-6
48,625000	4,057778E-6
48,630000	4,078444E-6
48,635000	4,058794E-6
48,640000	4,122594E-6
48,645000	4,083935E-6
48,650000	4,068474E-6
48,655000	4,113820E-6
48,660000	4,068481E-6
48,665000	4,127799E-6
48,670000	4,058395E-6
48,675000	4,137086E-6
48,680000	4,073847E-6
48,685000	4,139759E-6
48,690000	4,111333E-6
48,695000	4,122945E-6
48,700000	4,062674E-6
48,705000	4,093962E-6
48,710000	4,131945E-6
48,715000	4,089785E-6
48,720000	4,129611E-6
48,725000	4,118549E-6
48,730000	4,090147E-6
48,735000	4,144489E-6
48,740000	4,083370E-6
48,745000	4,160904E-6
48,750000	4,102589E-6
48,755000	4,135087E-6
48,760000	4,151609E-6
48,765000	4,128182E-6
48,770000	4,121738E-6
48,775000	4,107942E-6
48,780000	4,138989E-6
48,785000	4,134086E-6
48,790000	4,142442E-6
48,795000	4,135215E-6
48,800000	4,172105E-6
48,805000	4,166438E-6
48,810000	4,149070E-6
48,815000	4,182531E-6
48,820000	4,123127E-6
48,825000	4,189680E-6
48,830000	4,138433E-6
48,835000	4,172046E-6
48,840000	4,166944E-6
48,845000	4,100685E-6
48,850000	4,184494E-6
48,855000	4,147746E-6
48,860000	4,167926E-6
48,865000	4,142350E-6
48,870000	4,207046E-6
48,875000	4,166256E-6
48,880000	4,184576E-6
48,885000	4,174626E-6
48,890000	4,131204E-6
48,895000	4,177056E-6
48,900000	4,189189E-6
48,905000	3,763368E-6
48,910000	4,165269E-6
48,915000	4,216918E-6
48,920000	4,198581E-6
48,925000	4,204901E-6
48,930000	4,164141E-6
48,935000	4,176025E-6
48,940000	4,130756E-6
48,945000	4,189832E-6
48,950000	4,168784E-6
48,955000	4,201170E-6
48,960000	4,243958E-6
48,965000	4,241158E-6
48,970000	4,199919E-6
48,975000	4,177328E-6
48,980000	4,187760E-6
48,985000	4,210524E-6
48,990000	4,229280E-6
48,995000	4,254387E-6
49,000000	4,190296E-6
49,005000	4,188452E-6
49,010000	4,159833E-6
49,015000	4,228012E-6
49,020000	4,236381E-6
49,025000	4,220296E-6
49,030000	4,279515E-6
49,035000	4,219991E-6
49,040000	4,214939E-6
49,045000	4,173151E-6
49,050000	4,248993E-6
49,055000	4,324719E-6
49,060000	4,249074E-6
49,065000	4,210026E-6
49,070000	4,217122E-6
49,075000	4,237025E-6
49,080000	4,271920E-6
49,085000	4,280021E-6
49,090000	4,278816E-6
49,095000	4,259752E-6
49,100000	4,229854E-6
49,105000	4,210445E-6
49,110000	4,277172E-6
49,115000	4,300268E-6
49,120000	4,309824E-6
49,125000	4,251834E-6
49,130000	4,246910E-6
49,135000	4,230350E-6
49,140000	4,250478E-6
49,145000	4,319610E-6
49,150000	4,321797E-6
49,155000	4,297296E-6
49,160000	4,255339E-6
49,165000	4,264504E-6
49,170000	4,320114E-6
49,175000	4,320961E-6
49,180000	4,332324E-6
49,185000	4,301882E-6
49,190000	4,252501E-6
49,195000	4,279400E-6
49,200000	4,327036E-6
49,205000	4,350759E-6
49,210000	4,293285E-6
49,215000	4,293272E-6
49,220000	4,299806E-6
49,225000	4,254791E-6
49,230000	4,341325E-6
49,235000	4,344543E-6
49,240000	4,361891E-6
49,245000	4,359173E-6
49,250000	4,329100E-6
49,255000	4,280243E-6
49,260000	4,351699E-6
49,265000	4,336256E-6
49,270000	4,364922E-6
49,275000	4,378228E-6
49,280000	4,318098E-6
49,285000	4,329752E-6
49,290000	4,343995E-6
49,295000	4,353416E-6
49,300000	4,389383E-6
49,305000	4,374749E-6
49,310000	4,344338E-6
49,315000	4,301285E-6
49,320000	4,371201E-6
49,325000	4,358804E-6
49,330000	4,388339E-6
49,335000	4,399255E-6
49,340000	4,392696E-6
49,345000	4,374610E-6
49,350000	4,360462E-6
49,355000	4,366134E-6
49,360000	4,332810E-6
49,365000	4,405091E-6
49,370000	4,417934E-6
49,375000	4,420174E-6
49,380000	4,380523E-6
49,385000	4,373616E-6
49,390000	4,365455E-6
49,395000	4,404525E-6
49,400000	4,404471E-6
49,405000	4,426702E-6
49,410000	4,407785E-6
49,415000	4,415407E-6
49,420000	4,392938E-6
49,425000	4,403911E-6
49,430000	4,444872E-6
49,435000	4,453023E-6
49,440000	4,458395E-6
49,445000	4,416578E-6
49,450000	4,400716E-6
49,455000	4,436552E-6
49,460000	4,462536E-6
49,465000	4,480084E-6
49,470000	4,458597E-6
49,475000	4,474726E-6
49,480000	4,467085E-6
49,485000	4,448899E-6
49,490000	4,434521E-6
49,495000	4,489984E-6
49,500000	4,496711E-6
49,505000	4,519576E-6
49,510000	4,476334E-6
49,515000	4,476517E-6
49,520000	4,497394E-6
49,525000	4,503122E-6
49,530000	4,523355E-6
49,535000	4,496928E-6
49,540000	4,487545E-6
49,545000	4,447620E-6
49,550000	4,501360E-6
49,555000	4,529634E-6
49,560000	4,539191E-6
49,565000	4,533046E-6
49,570000	4,495333E-6
49,575000	4,482426E-6
49,580000	4,489061E-6
49,585000	4,480913E-6
49,590000	4,536177E-6
49,595000	4,562430E-6
49,600000	4,562680E-6
49,605000	4,511252E-6
49,610000	4,496228E-6
49,615000	4,486559E-6
49,620000	4,563894E-6
49,625000	4,551695E-6
49,630000	4,568984E-6
49,635000	4,583764E-6
49,640000	4,543634E-6
49,645000	4,553149E-6
49,650000	4,529507E-6
49,655000	4,575759E-6
49,660000	4,586885E-6
49,665000	4,599388E-6
49,670000	4,606952E-6
49,675000	4,601536E-6
49,680000	4,575428E-6
49,685000	4,583212E-6
49,690000	4,600238E-6
49,695000	4,605440E-6
49,700000	4,630517E-6
49,705000	4,629380E-6
49,710000	4,604048E-6
49,715000	4,591937E-6
49,720000	4,597204E-6
49,725000	4,583583E-6
49,730000	4,639428E-6
49,735000	4,666483E-6
49,740000	4,635294E-6
49,745000	4,638776E-6
49,750000	4,621425E-6
49,755000	4,684809E-6
49,760000	4,663418E-6
49,765000	4,672214E-6
49,770000	4,688444E-6
49,775000	4,693422E-6
49,780000	4,701147E-6
49,785000	4,690188E-6
49,790000	4,695858E-6
49,795000	4,645988E-6
49,800000	4,658624E-6
49,805000	4,643844E-6
49,810000	4,695353E-6
49,815000	4,688636E-6
49,820000	4,701793E-6
49,825000	4,727284E-6
49,830000	4,718877E-6
49,835000	4,682930E-6
49,840000	4,688455E-6
49,845000	4,703928E-6
49,850000	4,673095E-6
49,855000	4,717951E-6
49,860000	4,733969E-6
49,865000	4,755888E-6
49,870000	4,743365E-6
49,875000	4,718410E-6
49,880000	4,739925E-6
49,885000	4,724032E-6
49,890000	4,716574E-6
49,895000	4,721850E-6
49,900000	4,730881E-6
49,905000	4,714711E-6
49,910000	4,740405E-6
49,915000	4,774614E-6
49,920000	4,778761E-6
49,925000	4,796595E-6
49,930000	4,822613E-6
49,935000	4,813186E-6
49,940000	4,811305E-6
49,945000	4,794219E-6
49,950000	4,847853E-6
49,955000	4,813366E-6
49,960000	4,857133E-6
49,965000	4,865300E-6
49,970000	4,868795E-6
49,975000	4,839461E-6
49,980000	4,851418E-6
49,985000	4,898421E-6
49,990000	4,906894E-6
49,995000	4,903419E-6
50,000000	4,914130E-6
50,005000	4,954672E-6
50,010000	4,897239E-6
50,015000	4,884670E-6
50,020000	4,899033E-6
50,025000	4,904380E-6
50,030000	4,932616E-6
50,035000	4,937411E-6
50,040000	4,958941E-6
50,045000	4,968762E-6
50,050000	4,982734E-6
50,055000	4,913956E-6
50,060000	4,944856E-6
50,065000	4,992307E-6
50,070000	5,039103E-6
50,075000	5,031134E-6
50,080000	5,037677E-6
50,085000	5,039495E-6
50,090000	4,997552E-6
50,095000	5,006067E-6
50,100000	5,008668E-6
50,105000	5,055577E-6
50,110000	4,995853E-6
50,115000	5,081755E-6
50,120000	5,071482E-6
50,125000	5,071963E-6
50,130000	5,092144E-6
50,135000	5,065047E-6
50,140000	5,081397E-6
50,145000	5,076881E-6
50,150000	5,092053E-6
50,155000	5,123487E-6
50,160000	5,155279E-6
50,165000	5,100592E-6
50,170000	5,147991E-6
50,175000	5,137724E-6
50,180000	5,003567E-6
50,185000	5,169645E-6
50,190000	5,184691E-6
50,195000	5,178588E-6
50,200000	5,210979E-6
50,205000	5,246442E-6
50,210000	5,252791E-6
50,215000	5,238612E-6
50,220000	5,212153E-6
50,225000	5,204477E-6
50,230000	5,253309E-6
50,235000	5,293603E-6
50,240000	5,311643E-6
50,245000	5,256269E-6
50,250000	5,262820E-6
50,255000	5,303531E-6
50,260000	5,276910E-6
50,265000	5,276581E-6
50,270000	5,351513E-6
50,275000	5,375255E-6
50,280000	5,390380E-6
50,285000	5,382324E-6
50,290000	5,397387E-6
50,295000	5,375871E-6
50,300000	5,380969E-6
50,305000	5,415700E-6
50,310000	5,453121E-6
50,315000	5,459031E-6
50,320000	5,476425E-6
50,325000	5,471380E-6
50,330000	5,485361E-6
50,335000	5,477948E-6
50,340000	5,485832E-6
50,345000	5,553238E-6
50,350000	5,581749E-6
50,355000	5,549348E-6
50,360000	5,563316E-6
50,365000	5,565196E-6
50,370000	5,620290E-6
50,375000	5,622027E-6
50,380000	5,645070E-6
50,385000	5,618948E-6
50,390000	5,647172E-6
50,395000	5,688397E-6
50,400000	5,667335E-6
50,405000	5,707785E-6
50,410000	5,757594E-6
50,415000	5,782751E-6
50,420000	5,740724E-6
50,425000	5,748813E-6
50,430000	5,762621E-6
50,435000	5,821696E-6
50,440000	5,837693E-6
50,445000	5,795073E-6
50,450000	5,838102E-6
50,455000	5,875025E-6
50,460000	5,894493E-6
50,465000	5,942382E-6
50,470000	5,936372E-6
50,475000	5,911349E-6
50,480000	5,939475E-6
50,485000	5,986846E-6
50,490000	6,018479E-6
50,495000	5,992765E-6
50,500000	6,030513E-6
50,505000	6,072334E-6
50,510000	6,046039E-6
50,515000	6,092311E-6
50,520000	6,121598E-6
50,525000	6,180898E-6
50,530000	6,138084E-6
50,535000	6,137164E-6
50,540000	6,185704E-6
50,545000	6,206459E-6
50,550000	6,238098E-6
50,555000	6,311342E-6
50,560000	6,317254E-6
50,565000	6,296820E-6
50,570000	6,313132E-6
50,575000	6,375622E-6
50,580000	6,395354E-6
50,585000	6,384490E-6
50,590000	6,445551E-6
50,595000	6,494802E-6
50,600000	6,468674E-6
50,605000	6,452944E-6
50,610000	6,521248E-6
50,615000	6,602041E-6
50,620000	6,609763E-6
50,625000	6,611313E-6
50,630000	6,625947E-6
50,635000	6,617705E-6
50,640000	6,707025E-6
50,645000	6,747430E-6
50,650000	6,778089E-6
50,655000	6,786906E-6
50,660000	6,824867E-6
50,665000	6,852676E-6
50,670000	6,846510E-6
50,675000	6,858309E-6
50,680000	6,934056E-6
50,685000	7,006296E-6
50,690000	6,997796E-6
50,695000	6,975581E-6
50,700000	7,055618E-6
50,705000	7,118403E-6
50,710000	7,137289E-6
50,715000	7,224211E-6
50,720000	7,179835E-6
50,725000	7,167869E-6
50,730000	7,256918E-6
50,735000	7,362622E-6
50,740000	7,386268E-6
50,745000	7,397764E-6
50,750000	7,485071E-6
50,755000	7,539814E-6
50,760000	7,529293E-6
50,765000	7,501116E-6
50,770000	7,627046E-6
50,775000	7,729786E-6
50,780000	7,697118E-6
50,785000	7,660105E-6
50,790000	7,755899E-6
50,795000	7,812353E-6
50,800000	7,915848E-6
50,805000	7,997857E-6
50,810000	7,988146E-6
50,815000	8,013532E-6
50,820000	8,096159E-6
50,825000	8,186865E-6
50,830000	8,169073E-6
50,835000	8,220625E-6
50,840000	8,312078E-6
50,845000	8,386898E-6
50,850000	8,414732E-6
50,855000	8,419831E-6
50,860000	8,537880E-6
50,865000	8,682991E-6
50,870000	8,620868E-6
50,875000	8,615975E-6
50,880000	8,739319E-6
50,885000	8,778714E-6
50,890000	8,892682E-6
50,895000	9,025272E-6
50,900000	9,046675E-6
50,905000	9,053866E-6
50,910000	9,181410E-6
50,915000	9,339947E-6
50,920000	9,325354E-6
50,925000	9,362408E-6
50,930000	9,501194E-6
50,935000	9,672696E-6
50,940000	9,633101E-6
50,945000	9,637959E-6
50,950000	9,706683E-6
50,955000	9,978343E-6
50,960000	9,996779E-6
50,965000	1,017998E-5
50,970000	1,018455E-5
50,975000	1,018531E-5
50,980000	1,037593E-5
50,985000	1,045860E-5
50,990000	1,047258E-5
50,995000	1,047807E-5
51,000000	1,067292E-5
51,005000	1,086819E-5
51,010000	1,091968E-5
51,015000	1,087579E-5
51,020000	1,113680E-5
51,025000	1,135823E-5
51,030000	1,136847E-5
51,035000	1,136375E-5
51,040000	1,157191E-5
51,045000	1,160668E-5
51,050000	1,182966E-5
51,055000	1,211256E-5
51,060000	1,206493E-5
51,065000	1,207546E-5
51,070000	1,233694E-5
51,075000	1,268667E-5
51,080000	1,265773E-5
51,085000	1,270251E-5
51,090000	1,300987E-5
51,095000	1,329160E-5
51,100000	1,333732E-5
51,105000	1,334776E-5
51,110000	1,360506E-5
51,115000	1,403137E-5
51,120000	1,398141E-5
51,125000	1,418046E-5
51,130000	1,452811E-5
51,135000	1,453183E-5
51,140000	1,490979E-5
51,145000	1,534618E-5
51,150000	1,541494E-5
51,155000	1,525778E-5
51,160000	1,551156E-5
51,165000	1,588501E-5
51,170000	1,588698E-5
51,175000	1,648701E-5
51,180000	1,644387E-5
51,185000	1,732543E-5
51,190000	1,708010E-5
51,195000	1,703156E-5
51,200000	1,767782E-5
51,205000	1,776571E-5
51,210000	1,776535E-5
51,215000	1,776464E-5
51,220000	1,776488E-5
51,225000	1,776474E-5
51,230000	1,776600E-5
51,235000	1,776546E-5
51,240000	1,776549E-5
51,245000	1,776521E-5
51,250000	1,776390E-5
51,255000	1,776518E-5
51,260000	1,776490E-5
51,265000	1,776470E-5
51,270000	1,776586E-5
51,275000	1,776452E-5
51,280000	1,776413E-5
51,285000	1,776455E-5
51,290000	1,776405E-5
51,295000	1,776441E-5
51,300000	1,776441E-5
51,305000	1,776440E-5
51,310000	1,776390E-5
51,315000	1,776406E-5
51,320000	1,776238E-5
51,325000	1,776179E-5
51,330000	1,776161E-5
51,335000	1,776209E-5
51,340000	1,776158E-5
51,345000	1,775977E-5
51,350000	1,776018E-5
51,355000	1,776021E-5
51,360000	1,775963E-5
51,365000	1,775916E-5
51,370000	1,776101E-5
51,375000	1,775983E-5
51,380000	1,776029E-5
51,385000	1,776017E-5
51,390000	1,776006E-5
51,395000	1,775964E-5
51,400000	1,775935E-5
51,405000	1,775877E-5
51,410000	1,775898E-5
51,415000	1,775893E-5
51,420000	1,775932E-5
51,425000	1,775925E-5
51,430000	1,775960E-5
51,435000	1,775924E-5
51,440000	1,776040E-5
51,445000	1,776045E-5
51,450000	1,775997E-5
51,455000	1,775968E-5
51,460000	1,775912E-5
51,465000	1,775964E-5
51,470000	1,775954E-5
51,475000	1,776016E-5
51,480000	1,776107E-5
51,485000	1,776078E-5
51,490000	1,776065E-5
51,495000	1,776026E-5
51,500000	1,775976E-5
51,505000	1,775910E-5
51,510000	1,775908E-5
51,515000	1,775925E-5
51,520000	1,775950E-5
51,525000	1,775915E-5
51,530000	1,775987E-5
51,535000	1,776007E-5
51,540000	1,776103E-5
51,545000	1,776148E-5
51,550000	1,776067E-5
51,555000	1,776089E-5
51,560000	1,776058E-5
51,565000	1,776063E-5
51,570000	1,775979E-5
51,575000	1,776086E-5
51,580000	1,776026E-5
51,585000	1,776032E-5
51,590000	1,775983E-5
51,595000	1,776097E-5
51,600000	1,776042E-5
51,605000	1,776036E-5
51,610000	1,776046E-5
51,615000	1,776023E-5
51,620000	1,775985E-5
51,625000	1,776036E-5
51,630000	1,776077E-5
51,635000	1,776043E-5
51,640000	1,775915E-5
51,645000	1,775920E-5
51,650000	1,775886E-5
51,655000	1,775955E-5
51,660000	1,775873E-5
51,665000	1,775900E-5
51,670000	1,776045E-5
51,675000	1,775869E-5
51,680000	1,775828E-5
51,685000	1,775976E-5
51,690000	1,775933E-5
51,695000	1,775926E-5
51,700000	1,775757E-5
51,705000	1,775854E-5
51,710000	1,775770E-5
51,715000	1,775863E-5
51,720000	1,775853E-5
51,725000	1,775820E-5
51,730000	1,775819E-5
51,735000	1,775812E-5
51,740000	1,775785E-5
51,745000	1,775863E-5
51,750000	1,776053E-5
51,755000	1,775876E-5
51,760000	1,775975E-5
51,765000	1,775916E-5
51,770000	1,775872E-5
51,775000	1,775899E-5
51,780000	1,775890E-5
51,785000	1,775844E-5
51,790000	1,775861E-5
51,795000	1,775769E-5
51,800000	1,775752E-5
51,805000	1,775836E-5
51,810000	1,775869E-5
51,815000	1,775833E-5
51,820000	1,775920E-5
51,825000	1,775953E-5
51,830000	1,775819E-5
51,835000	1,775741E-5
51,840000	1,775811E-5
51,845000	1,775820E-5
51,850000	1,775762E-5
51,855000	1,775817E-5
51,860000	1,775724E-5
51,865000	1,775797E-5
51,870000	1,775798E-5
51,875000	1,775835E-5
51,880000	1,775946E-5
51,885000	1,775779E-5
51,890000	1,775794E-5
51,895000	1,775837E-5
51,900000	1,775897E-5
51,905000	1,775852E-5
51,910000	1,775714E-5
51,915000	1,775661E-5
51,920000	1,775817E-5
51,925000	1,775786E-5
51,930000	1,775809E-5
51,935000	1,775906E-5
51,940000	1,775770E-5
51,945000	1,775800E-5
51,950000	1,775908E-5
51,955000	1,775869E-5
51,960000	1,775885E-5
51,965000	1,775902E-5
51,970000	1,775918E-5
51,975000	1,775767E-5
51,980000	1,776074E-5
51,985000	1,776030E-5
51,990000	1,775977E-5
51,995000	1,776001E-5
52,000000	1,775962E-5
52,005000	1,775844E-5
52,010000	1,775803E-5
52,015000	1,775783E-5
52,020000	1,775787E-5
52,025000	1,775801E-5
52,030000	1,775846E-5
52,035000	1,775882E-5
52,040000	1,775930E-5
52,045000	1,775860E-5
52,050000	1,775944E-5
52,055000	1,775873E-5
52,060000	1,775832E-5
52,065000	1,775847E-5
52,070000	1,775911E-5
52,075000	1,775836E-5
52,080000	1,775832E-5
52,085000	1,775904E-5
52,090000	1,775843E-5
52,095000	1,775858E-5
52,100000	1,775860E-5
52,105000	1,775734E-5
52,110000	1,775761E-5
52,115000	1,775888E-5
52,120000	1,775816E-5
52,125000	1,775736E-5
52,130000	1,775794E-5
52,135000	1,775815E-5
52,140000	1,775830E-5
52,145000	1,775805E-5
52,150000	1,775886E-5
52,155000	1,775877E-5
52,160000	1,775851E-5
52,165000	1,775911E-5
52,170000	1,775850E-5
52,175000	1,775909E-5
52,180000	1,775936E-5
52,185000	1,775980E-5
52,190000	1,776019E-5
52,195000	1,775888E-5
52,200000	1,775931E-5
52,205000	1,776056E-5
52,210000	1,776056E-5
52,215000	1,776102E-5
52,220000	1,776160E-5
52,225000	1,776159E-5
52,230000	1,776190E-5
52,235000	1,776207E-5
52,240000	1,776173E-5
52,245000	1,776117E-5
52,250000	1,776244E-5
52,255000	1,776354E-5
52,260000	1,776282E-5
52,265000	1,776275E-5
52,270000	1,776353E-5
52,275000	1,776299E-5
52,280000	1,776281E-5
52,285000	1,776175E-5
52,290000	1,776197E-5
52,295000	1,776207E-5
52,300000	1,776169E-5
52,305000	1,776215E-5
52,310000	1,776226E-5
52,315000	1,776572E-5
52,320000	1,776460E-5
52,325000	1,776527E-5
52,330000	1,776490E-5
52,335000	1,776588E-5
52,340000	1,776558E-5
52,345000	1,776737E-5
52,350000	1,776711E-5
52,355000	1,776610E-5
52,360000	1,776633E-5
52,365000	1,776578E-5
52,370000	1,776574E-5
52,375000	1,776615E-5
52,380000	1,776461E-5
52,385000	1,776448E-5
52,390000	1,776469E-5
52,395000	1,776350E-5
52,400000	1,776422E-5
52,405000	1,776331E-5
52,410000	1,776330E-5
52,415000	1,776494E-5
52,420000	1,776429E-5
52,425000	1,776378E-5
52,430000	1,776378E-5
52,435000	1,776214E-5
52,440000	1,776216E-5
52,445000	1,776162E-5
52,450000	1,776216E-5
52,455000	1,776207E-5
52,460000	1,776331E-5
52,465000	1,776273E-5
52,470000	1,776256E-5
52,475000	1,776247E-5
52,480000	1,776269E-5
52,485000	1,776273E-5
52,490000	1,776338E-5
52,495000	1,776444E-5
52,500000	1,776401E-5
52,505000	1,776406E-5
52,510000	1,776473E-5
52,515000	1,776379E-5
52,520000	1,776395E-5
52,525000	1,776358E-5
52,530000	1,776384E-5
52,535000	1,776266E-5
52,540000	1,776385E-5
52,545000	1,775661E-5
52,550000	1,775882E-5
52,555000	1,775594E-5
52,560000	1,775698E-5
52,565000	1,775876E-5
52,570000	1,775661E-5
52,575000	1,775650E-5
52,580000	1,775629E-5
52,585000	1,775731E-5
52,590000	1,775938E-5
52,595000	1,775929E-5
52,600000	1,775691E-5
52,605000	1,776078E-5
52,610000	1,775651E-5
52,615000	1,775725E-5
52,620000	1,775550E-5
52,625000	1,775867E-5
52,630000	1,775746E-5
52,635000	1,775713E-5
52,640000	1,775890E-5
52,645000	1,776123E-5
52,650000	1,776125E-5
52,655000	1,776110E-5
52,660000	1,776109E-5
52,665000	1,775948E-5
52,670000	1,776075E-5
52,675000	1,776012E-5
52,680000	1,775875E-5
52,685000	1,775951E-5
52,690000	1,775921E-5
52,695000	1,775870E-5
52,700000	1,775854E-5
52,705000	1,775918E-5
52,710000	1,775926E-5
52,715000	1,775845E-5
52,720000	1,775869E-5
52,725000	1,775938E-5
52,730000	1,775916E-5
52,735000	1,775918E-5
52,740000	1,775397E-5
52,745000	1,775678E-5
52,750000	1,775644E-5
52,755000	1,775479E-5
52,760000	1,775900E-5
52,765000	1,775956E-5
52,770000	1,775931E-5
52,775000	1,776058E-5
52,780000	1,775930E-5
52,785000	1,775802E-5
52,790000	1,775835E-5
52,795000	1,775616E-5
52,800000	1,775853E-5
52,805000	1,775759E-5
52,810000	1,775788E-5
52,815000	1,775807E-5
52,820000	1,775746E-5
52,825000	1,775711E-5
52,830000	1,775690E-5
52,835000	1,775710E-5
52,840000	1,775527E-5
52,845000	1,775583E-5
52,850000	1,775596E-5
52,855000	1,775523E-5
52,860000	1,775621E-5
52,865000	1,775584E-5
52,870000	1,775560E-5
52,875000	1,775572E-5
52,880000	1,775663E-5
52,885000	1,775630E-5
52,890000	1,775565E-5
52,895000	1,775602E-5
52,900000	1,775592E-5
52,905000	1,775550E-5
52,910000	1,775366E-5
52,915000	1,775679E-5
52,920000	1,775411E-5
52,925000	1,775392E-5
52,930000	1,775360E-5
52,935000	1,775645E-5
52,940000	1,775583E-5
52,945000	1,775532E-5
52,950000	1,775556E-5
52,955000	1,775775E-5
52,960000	1,775367E-5
52,965000	1,774916E-5
52,970000	1,775697E-5
52,975000	1,775652E-5
52,980000	1,775648E-5
52,985000	1,775663E-5
52,990000	1,775710E-5
52,995000	1,775597E-5
53,000000	1,775728E-5
