Voltage[V]	Current[mA]
50,000000	6,699387E-6
50,010000	5,486167E-6
50,020000	4,051680E-6
50,030000	5,492606E-6
50,040000	6,886324E-6
50,050000	4,134832E-6
50,060000	4,100516E-6
50,070000	4,297161E-6
50,080000	5,345310E-6
50,090000	7,186651E-6
50,100000	5,130266E-6
50,110000	4,058539E-6
50,120000	4,538397E-6
50,130000	7,136838E-6
50,140000	6,599073E-6
50,150000	4,542148E-6
50,160000	4,461874E-6
50,170000	4,350716E-6
50,180000	7,192228E-6
50,190000	6,167867E-6
50,200000	4,545777E-6
50,210000	4,492782E-6
50,220000	4,430310E-6
50,230000	7,273230E-6
50,240000	6,969884E-6
50,250000	5,837542E-6
50,260000	4,175096E-6
50,270000	5,638245E-6
50,280000	6,431915E-6
50,290000	3,986867E-6
50,300000	4,483343E-6
50,310000	7,138679E-6
50,320000	7,078781E-6
50,330000	4,031536E-6
50,340000	4,571734E-6
50,350000	7,317508E-6
50,360000	6,231602E-6
50,370000	6,234616E-6
50,380000	4,592973E-6
50,390000	4,570117E-6
50,400000	7,238581E-6
50,410000	7,089564E-6
50,420000	4,229634E-6
50,430000	4,585616E-6
50,440000	4,539894E-6
50,450000	7,252401E-6
50,460000	6,707753E-6
50,470000	4,584431E-6
50,480000	4,545318E-6
50,490000	7,161015E-6
50,500000	6,709092E-6
50,510000	6,932947E-6
50,520000	7,241512E-6
50,530000	4,643545E-6
50,540000	4,622085E-6
50,550000	7,217780E-6
50,560000	5,189189E-6
50,570000	4,632686E-6
50,580000	4,646239E-6
50,590000	4,644349E-6
50,600000	4,648959E-6
50,610000	4,652469E-6
50,620000	4,675402E-6
50,630000	4,700242E-6
50,640000	4,720491E-6
50,650000	4,724056E-6
50,660000	4,685177E-6
50,670000	4,694558E-6
50,680000	4,740004E-6
50,690000	4,732311E-6
50,700000	4,709664E-6
50,710000	4,740272E-6
50,720000	4,749351E-6
50,730000	4,753162E-6
50,740000	4,728457E-6
50,750000	4,747760E-6
50,760000	4,755921E-6
50,770000	4,770417E-6
50,780000	4,765882E-6
50,790000	4,769172E-6
50,800000	4,762972E-6
50,810000	4,800830E-6
50,820000	4,808399E-6
50,830000	4,779835E-6
50,840000	4,782398E-6
50,850000	4,873924E-6
50,860000	4,759130E-6
50,870000	6,793151E-6
50,880000	4,612119E-6
50,890000	5,633582E-6
50,900000	4,593638E-6
50,910000	7,813407E-6
50,920000	6,668358E-6
50,930000	4,928996E-6
50,940000	4,802048E-6
50,950000	4,832244E-6
50,960000	4,280902E-6
50,970000	4,210607E-6
50,980000	4,222121E-6
50,990000	4,556061E-6
51,000000	4,832777E-6
51,010000	4,279894E-6
51,020000	5,914418E-6
51,030000	4,654934E-6
51,040000	7,374353E-6
51,050000	7,982378E-6
51,060000	5,819237E-6
51,070000	6,665818E-6
51,080000	7,995157E-6
51,090000	7,989820E-6
51,100000	5,577840E-6
51,110000	6,827071E-6
51,120000	7,431048E-6
51,130000	7,105605E-6
51,140000	8,016100E-6
51,150000	7,952054E-6
51,160000	4,998624E-6
51,170000	5,066406E-6
51,180000	4,452236E-6
51,190000	5,062513E-6
51,200000	4,445747E-6
51,210000	5,521045E-6
51,220000	8,051315E-6
51,230000	5,635292E-6
51,240000	5,185730E-6
51,250000	7,969724E-6
51,260000	6,752694E-6
51,270000	7,199715E-6
51,280000	7,407171E-6
51,290000	7,429030E-6
51,300000	7,869205E-6
51,310000	7,374865E-6
51,320000	4,513602E-6
51,330000	4,749538E-6
51,340000	5,166805E-6
51,350000	5,168037E-6
51,360000	7,915982E-6
51,370000	7,938521E-6
51,380000	4,762658E-6
51,390000	5,123874E-6
51,400000	5,339106E-6
51,410000	5,905968E-6
51,420000	7,636428E-6
51,430000	6,366972E-6
51,440000	5,441794E-6
51,450000	5,388185E-6
51,460000	5,317045E-6
51,470000	7,885766E-6
51,480000	7,998614E-6
51,490000	5,587482E-6
51,500000	6,544256E-6
51,510000	5,636144E-6
51,520000	5,749031E-6
51,530000	7,182863E-6
51,540000	8,041194E-6
51,550000	7,250605E-6
51,560000	7,868541E-6
51,570000	8,186021E-6
51,580000	5,100458E-6
51,590000	6,820505E-6
51,600000	8,229708E-6
51,610000	7,408404E-6
51,620000	8,745995E-6
51,630000	8,765090E-6
51,640000	6,904476E-6
51,650000	8,524384E-6
51,660000	7,223871E-6
51,670000	6,142437E-6
51,680000	7,640292E-6
51,690000	6,165310E-6
51,700000	8,961314E-6
51,710000	7,669460E-6
51,720000	9,302208E-6
51,730000	9,914642E-6
51,740000	8,076087E-6
51,750000	9,184260E-6
51,760000	1,022158E-5
51,770000	8,602929E-6
51,780000	1,090945E-5
51,790000	1,185107E-5
51,800000	1,195345E-5
51,810000	1,136657E-5
51,820000	1,244139E-5
51,830000	1,053171E-5
51,840000	1,332712E-5
51,850000	1,268823E-5
51,860000	1,436934E-5
51,870000	1,616734E-5
51,880000	1,634756E-5
51,890000	1,608152E-5
51,900000	1,582737E-5
51,910000	1,641943E-5
51,920000	1,562057E-5
51,930000	1,775187E-5
51,940000	1,924165E-5
51,950000	1,920095E-5
51,960000	1,873579E-5
51,970000	2,024331E-5
51,980000	2,015426E-5
51,990000	2,078866E-5
52,000000	0,002041
52,010000	0,002114
52,020000	0,002183
52,030000	0,002230
52,040000	0,002309
52,050000	0,002371
52,060000	0,002416
52,070000	0,002492
52,080000	0,002549
52,090000	0,002618
52,100000	0,002676
52,110000	0,002744
52,120000	0,002787
52,130000	0,002847
52,140000	0,002908
52,150000	0,002949
52,160000	0,003008
52,170000	0,003052
52,180000	0,003104
52,190000	0,003164
52,200000	0,003213
52,210000	0,003246
52,220000	0,003295
52,230000	0,003359
52,240000	0,003390
52,250000	0,003434
52,260000	0,003473
52,270000	0,003521
52,280000	0,003552
52,290000	0,003594
52,300000	0,003634
52,310000	0,003672
52,320000	0,003700
52,330000	0,003746
52,340000	0,003765
52,350000	0,003813
52,360000	0,003829
52,370000	0,003876
52,380000	0,003900
52,390000	0,003918
52,400000	0,003956
52,410000	0,003994
52,420000	0,004015
52,430000	0,004037
52,440000	0,004059
52,450000	0,004084
52,460000	0,004118
52,470000	0,004140
52,480000	0,004171
52,490000	0,004190
52,500000	0,004221
52,510000	0,004232
52,520000	0,004262
52,530000	0,004280
52,540000	0,004303
52,550000	0,004332
52,560000	0,004348
52,570000	0,004391
52,580000	0,004423
52,590000	0,004430
52,600000	0,004453
52,610000	0,004479
52,620000	0,004497
52,630000	0,004512
52,640000	0,004528
52,650000	0,004545
52,660000	0,004571
52,670000	0,004592
52,680000	0,004604
52,690000	0,004620
52,700000	0,004642
52,710000	0,004653
52,720000	0,004678
52,730000	0,004699
52,740000	0,004708
52,750000	0,004730
52,760000	0,004733
52,770000	0,004755
52,780000	0,004773
52,790000	0,004785
52,800000	0,004808
52,810000	0,004820
52,820000	0,004836
52,830000	0,004841
52,840000	0,004864
52,850000	0,004876
52,860000	0,004890
52,870000	0,004909
52,880000	0,004918
52,890000	0,004938
52,900000	0,004951
52,910000	0,004963
52,920000	0,004980
52,930000	0,004998
52,940000	0,005002
52,950000	0,005017
52,960000	0,005033
52,970000	0,005046
52,980000	0,005058
52,990000	0,005067
53,000000	0,005082
